1.000000 0.000000 0.000000 0.000000 0.000000 1.000000 0.000000 0.000000 0.000000 0.000000 1.000000 0.000000 0.000000 0.000000 0.000000 1.000000
0.955503 0.021244 -0.294214 6.298366 -0.060346 0.990386 -0.124473 4.321874 0.288742 0.136689 0.947599 3.633774 0.000000 0.000000 0.000000 1.000000
0.964966 0.019376 -0.261660 5.486579 -0.055852 0.989582 -0.132697 4.547328 0.256363 0.142662 0.955994 3.146479 0.000000 0.000000 0.000000 1.000000
0.976128 0.016388 -0.216579 4.570661 -0.048813 0.988194 -0.145227 4.717115 0.211642 0.152332 0.965403 2.762560 0.000000 0.000000 0.000000 1.000000
0.985276 0.012536 -0.170510 3.555209 -0.038658 0.987815 -0.150757 4.827841 0.166543 0.155129 0.973755 2.385125 0.000000 0.000000 0.000000 1.000000
0.992491 0.009213 -0.121968 2.625456 -0.028078 0.987692 -0.153872 4.880300 0.119049 0.156141 0.980534 2.138612 0.000000 0.000000 0.000000 1.000000
0.997379 0.005468 -0.072150 1.552605 -0.016515 0.988025 -0.153407 4.893345 0.070447 0.154196 0.985526 1.836036 0.000000 0.000000 0.000000 1.000000
0.999656 0.002114 -0.026161 0.524382 -0.006077 0.988308 -0.152347 4.946559 0.025533 0.152453 0.987981 1.504448 0.000000 0.000000 0.000000 1.000000
0.999700 -0.002148 0.024413 -0.534395 0.005836 0.988359 -0.152029 4.894141 -0.023802 0.152126 0.988074 1.479943 0.000000 0.000000 0.000000 1.000000
0.997069 -0.005948 0.076274 -1.679451 0.017217 0.988845 -0.147953 4.754898 -0.074543 0.148832 0.986049 1.521555 0.000000 0.000000 0.000000 1.000000
0.995064 -0.008068 0.098904 -1.922821 0.018752 0.994020 -0.107572 4.008532 -0.097444 0.108896 0.989266 1.478003 0.000000 0.000000 0.000000 1.000000
0.999915 0.001236 -0.012942 0.396141 -0.002413 0.995818 -0.091322 3.700553 0.012775 0.091345 0.995737 1.271797 0.000000 0.000000 0.000000 1.000000
0.998666 0.004016 -0.051487 1.179068 -0.008756 0.995705 -0.092172 3.716136 0.050896 0.092500 0.994411 1.379300 0.000000 0.000000 0.000000 1.000000
0.995545 0.007659 -0.093971 2.131489 -0.016283 0.995686 -0.091348 3.652356 0.092866 0.092471 0.991375 1.480928 0.000000 0.000000 0.000000 1.000000
0.991283 0.010634 -0.131321 3.107668 -0.022668 0.995639 -0.090492 3.600138 0.129786 0.092680 0.987201 1.615233 0.000000 0.000000 0.000000 1.000000
0.983885 0.014748 -0.178190 4.007702 -0.030475 0.995842 -0.085845 3.520708 0.176184 0.089892 0.980244 1.762938 0.000000 0.000000 0.000000 1.000000
0.977018 0.017493 -0.212436 4.706835 -0.035842 0.995919 -0.082832 3.460332 0.210120 0.088543 0.973658 1.966119 0.000000 0.000000 0.000000 1.000000
0.970591 0.019597 -0.239934 5.335271 -0.040149 0.995899 -0.081070 3.436107 0.237361 0.088320 0.967398 2.217020 0.000000 0.000000 0.000000 1.000000
0.961792 0.021595 -0.272930 6.098249 -0.043854 0.996164 -0.075721 3.312471 0.270248 0.084797 0.959049 2.437106 0.000000 0.000000 0.000000 1.000000
0.956087 0.024439 -0.292064 6.191986 -0.034831 0.998930 -0.030434 2.495559 0.291007 0.039270 0.955915 2.369469 0.000000 0.000000 0.000000 1.000000
0.966026 0.021847 -0.257519 5.434400 -0.030445 0.999103 -0.029448 2.533961 0.256644 0.036288 0.965824 1.941271 0.000000 0.000000 0.000000 1.000000
0.975646 0.019618 -0.218470 4.797854 -0.027049 0.999151 -0.031075 2.464286 0.217675 0.036228 0.975349 1.544197 0.000000 0.000000 0.000000 1.000000
0.981188 0.018322 -0.192182 4.143278 -0.025216 0.999121 -0.033489 2.531390 0.191400 0.037705 0.980788 1.409685 0.000000 0.000000 0.000000 1.000000
0.987098 0.015710 -0.159346 3.542176 -0.021805 0.999093 -0.036570 2.587533 0.158627 0.039573 0.986545 1.277767 0.000000 0.000000 0.000000 1.000000
0.991394 0.013451 -0.130220 2.781823 -0.018745 0.999043 -0.039518 2.642327 0.129564 0.041618 0.990697 1.208178 0.000000 0.000000 0.000000 1.000000
0.996028 0.010368 -0.088432 1.923241 -0.014032 0.999064 -0.040913 2.690787 0.087925 0.041991 0.995242 1.073180 0.000000 0.000000 0.000000 1.000000
0.998463 0.007670 -0.054884 0.981781 -0.009994 0.999060 -0.042187 2.740385 0.054509 0.042671 0.997601 0.983993 0.000000 0.000000 0.000000 1.000000
0.999992 0.002991 -0.002470 0.008024 -0.003100 0.998970 -0.045265 2.740114 0.002332 0.045272 0.998972 0.922557 0.000000 0.000000 0.000000 1.000000
0.998463 -0.001739 0.055394 -1.175766 0.004448 0.998799 -0.048803 2.788203 -0.055243 0.048975 0.997271 0.693488 0.000000 0.000000 0.000000 1.000000
0.996520 -0.004710 0.083221 -1.687277 0.005844 0.999893 -0.013385 2.075201 -0.083149 0.013825 0.996441 0.515966 0.000000 0.000000 0.000000 1.000000
0.998252 -0.003061 0.059014 -1.054269 0.003846 0.999906 -0.013196 2.036426 -0.058968 0.013400 0.998170 0.456957 0.000000 0.000000 0.000000 1.000000
0.999814 0.001192 0.019242 -0.215827 -0.000942 0.999915 -0.012977 2.050030 -0.019255 0.012957 0.999731 0.358829 0.000000 0.000000 0.000000 1.000000
0.999836 0.003829 -0.017693 0.474266 -0.004062 0.999905 -0.013141 2.045951 0.017641 0.013211 0.999757 0.373218 0.000000 0.000000 0.000000 1.000000
0.998533 0.006593 -0.053751 1.485703 -0.007289 0.999892 -0.012752 2.083382 0.053661 0.013125 0.998473 0.390030 0.000000 0.000000 0.000000 1.000000
0.994982 0.010313 -0.099517 2.351560 -0.011971 0.999799 -0.016073 2.098119 0.099331 0.017183 0.994906 0.601757 0.000000 0.000000 0.000000 1.000000
0.988920 0.014591 -0.147732 3.442661 -0.016876 0.999756 -0.014226 2.066220 0.147489 0.016562 0.988925 0.636630 0.000000 0.000000 0.000000 1.000000
0.980410 0.018717 -0.196074 4.368432 -0.021510 0.999695 -0.012122 2.062743 0.195787 0.016102 0.980514 0.875074 0.000000 0.000000 0.000000 1.000000
0.968120 0.022381 -0.249484 5.507896 -0.025794 0.999613 -0.010418 2.027049 0.249154 0.016521 0.968323 1.412430 0.000000 0.000000 0.000000 1.000000
0.958279 0.026364 -0.284616 5.978645 -0.017695 0.999299 0.032988 1.279388 0.285287 -0.026575 0.958074 1.952861 0.000000 0.000000 0.000000 1.000000
0.967379 0.023502 -0.252241 5.149532 -0.015515 0.999315 0.033607 1.316802 0.252858 -0.028597 0.967081 1.477724 0.000000 0.000000 0.000000 1.000000
0.978658 0.019831 -0.204538 4.175967 -0.014004 0.999455 0.029898 1.363456 0.205020 -0.026396 0.978402 0.934598 0.000000 0.000000 0.000000 1.000000
0.987677 0.016033 -0.155683 3.136417 -0.012110 0.999586 0.026112 1.386012 0.156037 -0.023905 0.987462 0.635269 0.000000 0.000000 0.000000 1.000000
0.994374 0.011555 -0.105298 2.087623 -0.009162 0.999689 0.023173 1.438610 0.105533 -0.022078 0.994171 0.451471 0.000000 0.000000 0.000000 1.000000
0.998365 0.006510 -0.056787 1.141183 -0.005320 0.999763 0.021094 1.441113 0.056911 -0.020757 0.998163 0.442608 0.000000 0.000000 0.000000 1.000000
0.999923 0.002605 -0.012092 0.210401 -0.002371 0.999809 0.019406 1.437328 0.012140 -0.019376 0.999739 0.444158 0.000000 0.000000 0.000000 1.000000
0.999852 0.000891 0.017178 -0.448196 -0.001271 0.999753 0.022171 1.464444 -0.017154 -0.022189 0.999607 0.485888 0.000000 0.000000 0.000000 1.000000
0.997087 -0.005524 0.076071 -1.650918 0.004669 0.999924 0.011418 1.754862 -0.076129 -0.011030 0.997037 0.289465 0.000000 0.000000 0.000000 1.000000
0.991281 -0.009111 0.131447 -2.663628 0.005745 0.999646 0.025964 0.402575 -0.131637 -0.024983 0.990983 0.251064 0.000000 0.000000 0.000000 1.000000
0.996009 -0.004723 0.089124 -1.595947 0.002567 0.999702 0.024293 0.426051 -0.089212 -0.023968 0.995724 0.180236 0.000000 0.000000 0.000000 1.000000
0.999673 0.000207 0.025589 -0.418533 -0.000817 0.999716 0.023826 0.366121 -0.025577 -0.023839 0.999389 0.051461 0.000000 0.000000 0.000000 1.000000
0.999817 0.003954 -0.018743 0.710021 -0.003498 0.999699 0.024276 0.412987 0.018834 -0.024206 0.999530 -0.024460 0.000000 0.000000 0.000000 1.000000
0.996931 0.009306 -0.077734 1.792354 -0.007510 0.999699 0.023370 0.455213 0.077928 -0.022715 0.996700 0.094928 0.000000 0.000000 0.000000 1.000000
0.991542 0.014245 -0.129003 2.899897 -0.009736 0.999322 0.035517 0.502604 0.129421 -0.033960 0.991008 0.305778 0.000000 0.000000 0.000000 1.000000
0.984178 0.018209 -0.176244 3.876318 -0.005708 0.997447 0.071179 0.465288 0.177091 -0.069047 0.981770 0.633980 0.000000 0.000000 0.000000 1.000000
0.977286 0.020254 -0.210955 4.654983 -0.004187 0.997074 0.076330 0.398102 0.211883 -0.073713 0.974511 0.804823 0.000000 0.000000 0.000000 1.000000
0.965679 0.024450 -0.258586 5.614013 -0.004307 0.996930 0.078178 0.424736 0.259704 -0.074381 0.962820 1.105010 0.000000 0.000000 0.000000 1.000000
0.953263 0.027233 -0.300911 6.218500 0.012774 0.991406 0.130193 -0.689607 0.301871 -0.127952 0.944723 1.453438 0.000000 0.000000 0.000000 1.000000
0.965384 0.024433 -0.259686 5.287140 0.008907 0.991935 0.126438 -0.502921 0.260681 -0.124374 0.957380 1.232823 0.000000 0.000000 0.000000 1.000000
0.978494 0.017874 -0.205499 4.198690 0.007426 0.992540 0.121692 -0.480210 0.206141 -0.120601 0.971062 0.836053 0.000000 0.000000 0.000000 1.000000
0.986389 0.015333 -0.163715 3.269350 0.000182 0.995541 0.094330 -0.450154 0.164431 -0.093076 0.981987 0.601980 0.000000 0.000000 0.000000 1.000000
0.994690 0.009883 -0.102445 2.222105 -0.009607 0.999949 0.003190 -0.201099 0.102471 -0.002189 0.994734 0.173194 0.000000 0.000000 0.000000 1.000000
0.999025 0.002125 -0.044104 1.111047 -0.002086 0.999997 0.000934 -0.080527 0.044105 -0.000841 0.999027 0.071037 0.000000 0.000000 0.000000 1.000000
